1	Delhi	27.635308	78.224960
2	Agra	27.176670	78.008075
3	Banagalore	12.971599	77.594563
4	Mysore	12.295810	76.639381
5	Ooty	11.411828	76.695356
6	Comibatore	10.962764	76.953735
7	Malappuram	11.081385	76.063843
8	Errode	11.296934	77.733765
9	Palakkad	10.768556	76.657104
10	Thirissur	10.509417	76.206665
11	Ponnani	10.757763	75.921021
12	Mahe	11.673755	75.536499
13	Bhadrawathi	13.838080	75.712280
14	Chitradurga	14.211139	76.415405
15	Sagara	14.157882	75.042114
16	Bhatkal	13.987376	74.547729
17	Harihar	14.498508	75.811157
18	Davanagere	14.445319	75.921021
19	Sirsi	14.594216	74.844360
20	Udupi	13.314794	74.756470
21	Bellari	15.156974	76.920776
22	Bhagalkot	16.172473	75.701294
23	Gokaka	16.151369	74.822388
24	Belgaum	15.845105	74.492798
25	Bijapur	16.815058	75.701294
26	Chennai	13.025966	80.271606
27	Kanchipuram	12.822514	79.700317
28	Vellore	12.908198	79.118042
29	Ponneri	13.314794	80.183716
30	Nellore	14.424040	79.996948
